Egfr_Dmel_CG10079_AAM70919.1	Drosophila_12456	100.000	1377	0	0	1	1377	1	1377	0.0	2873
LamC_Dmel_CG10119_NP_001260974.1	Drosophila_26258	100.000	640	0	0	1	640	1	640	0.0	1305
Traf6_Dmel_CG10961_NP_511080.2	Drosophila_29389	100.000	475	0	0	1	475	1	475	0.0	998
hpo_Dmel_CG11228_NP_611427.1	Drosophila_6570	100.000	669	0	0	1	669	1	669	0.0	1401
br_Dmel_CG11491_NP_001259134.1	Drosophila_21370	100.000	880	0	0	1	880	1	880	0.0	1764
wts_Dmel_CG12072_NP_733403.1	Drosophila_14210	100.000	1105	0	0	1	1105	1	1105	0.0	2280
rl_Dmel_CG12559_NP_001287635.1	Drosophila_30152	100.000	376	0	0	1	376	1	376	0.0	782
Jafrac2_Dmel_CG1274_NP_728793.1	Drosophila_28179	100.000	242	0	0	1	242	1	242	0.0	501
egr_Dmel_CG12919_NP_995791.1	Drosophila_29195	98.554	415	0	1	1	409	1	415	0.0	846
Cyt-c-d_Dmel_CG13263_NP_001260509.1	Drosophila_3569	100.000	105	0	0	1	105	1	105	2.52e-74	214
betaNACtes1_Dmel_CG13402_NP_572938.2	Drosophila_14358	100.000	261	0	0	1	261	1	261	0.0	528
skl_Dmel_CG13701_NP_524139.1	Drosophila_24090	100.000	108	0	0	1	108	1	108	8.59e-75	216
Dmel_CG14902_NP_477462.1	Drosophila_22389	100.000	308	0	0	1	308	1	308	0.0	643
Decay_Dmel_CG1765_NP_001163061.1	Drosophila_12150	100.000	878	0	0	1	878	1	878	0.0	1816
Cyt-c-p_Dmel_CG17903_NP_001285984.1	Drosophila_30023	100.000	108	0	0	1	108	1	108	9.40e-78	223
betaNACtes2_Dmel_CG18157_NP_727777.1	Drosophila_20870	100.000	197	0	0	1	197	1	197	2.06e-142	394
Eip93F_Dmel_CG18389_NP_001097865.1	Drosophila_30384	100.000	1188	0	0	1	1188	1	1188	0.0	2431
Tak1_Dmel_CG18492_NP_524080.1	Drosophila_3228	100.000	678	0	0	1	678	1	678	0.0	1424
PEK_Dmel_CG2087_NP_001262283.1	Drosophila_5391	99.817	1091	2	0	9	1099	72	1162	0.0	2256
Jra_Dmel_CG2275_NP_001260844.1	Drosophila_4216	100.000	372	0	0	1	372	1	372	0.0	751
Tspo_Dmel_CG2789_NP_608531.1	Drosophila_10778	100.000	185	0	0	1	185	1	185	2.55e-136	377
Raf_Dmel_CG2845_NP_525047.1	Drosophila_14372	100.000	739	0	0	1	739	1	739	0.0	1543
Traf4_Dmel_CG3048_NP_001097080.2	Drosophila_20354	100.000	477	0	0	1	477	1	477	0.0	1001
Takl1_Dmel_CG31421_NP_732554.1	Drosophila_12382	100.000	393	0	0	1	393	1	393	0.0	823
Drp1_Dmel_CG3210_NP_001259946.1	Drosophila_8103	100.000	735	0	0	1	735	1	735	0.0	1523
Eip74EF_Dmel_CG32180_NP_001246816.1	Drosophila_17584	99.882	844	1	0	1	844	25	868	0.0	1714
Debcl_Dmel_CG33134_NP_788278.1	Drosophila_18881	100.000	300	0	0	1	300	1	300	0.0	620
sav_Dmel_CG33193_NP_001189269.1	Drosophila_21006	99.178	608	0	1	1	603	1	608	0.0	1226
p53_Dmel_CG33336_NP_001163694.1	Drosophila_7660	100.000	385	0	0	1	385	1	385	0.0	802
kay_Dmel_CG33956_NP_001287591.1	Drosophila_16375	100.000	646	0	0	1	646	1	646	0.0	1319
bic_Dmel_CG3644_NP_476853.1	Drosophila_17426	100.000	169	0	0	1	169	1	169	1.39e-120	337
Marf_Dmel_CG3869_NP_996358.2	Drosophila_14087	99.509	814	0	1	1	810	1	814	0.0	1688
Parp_Dmel_CG40411_NP_001104452.1	Drosophila_24888	100.000	994	0	0	1	994	1	994	0.0	2074
mei-41_Dmel_CG4252_NP_523369.2	Drosophila_6224	100.000	2517	0	0	1	2517	1	2517	0.0	5215
rpr_Dmel_CG4319_NP_524138.1	Drosophila_19809	100.000	65	0	0	1	65	1	65	5.43e-44	135
grim_Dmel_CG4345_NP_524137.2	Drosophila_21045	100.000	138	0	0	1	138	1	138	1.77e-98	278
hep_Dmel_CG4353_NP_001285182.1	Drosophila_15633	100.000	1153	0	0	1	1153	1	1153	0.0	2346
usp_Dmel_CG4380_NP_476781.1	Drosophila_14687	100.000	508	0	0	1	508	1	508	0.0	1046
fzo_Dmel_CG4568_NP_732840.1	Drosophila_22233	100.000	718	0	0	1	718	1	718	0.0	1487
Ask1_Dmel_CG4720_NP_477089.3	Drosophila_29895	100.000	1363	0	0	1	1363	1	1363	0.0	2856
Takl2_Dmel_CG4803_NP_651090.2	Drosophila_9290	100.000	281	0	0	1	281	1	281	0.0	586
hid_Dmel_CG5123_NP_524136.2	Drosophila_118	100.000	410	0	0	1	410	1	410	0.0	823
Dcp-1_Dmel_CG5370_NP_476974.1	Drosophila_27650	100.000	323	0	0	1	323	1	323	0.0	681
Miro_Dmel_CG5410_NP_001262895.1	Drosophila_20034	100.000	673	0	0	1	673	1	673	0.0	1409
bsk_Dmel_CG5680_NP_001162932.1	Drosophila_6106	100.000	372	0	0	1	372	1	372	0.0	785
Bruce_Dmel_CG6303_NP_001262463.1	Drosophila_21668	99.774	4876	0	1	1	4865	1	4876	0.0	10095
wgn_Dmel_CG6531_NP_001285410.1	Drosophila_27984	100.000	267	0	0	1	267	1	267	0.0	548
tefu_Dmel_CG6535_NP_001036712.1	Drosophila_8284	100.000	2767	0	0	1	2767	1	2767	0.0	5764
Dark_Dmel_CG6829_NP_725638.1	Drosophila_19590	100.000	529	0	0	1	529	1	529	0.0	1095
Lam_Dmel_CG6944_NP_001285629.1	Drosophila_12304	100.000	622	0	0	1	622	1	622	0.0	1265
AIF_Dmel_CG7263_NP_001259907.1	Drosophila_26989	99.865	739	0	1	1	738	1	739	0.0	1529
Tab2_Dmel_CG7417_NP_001261086.1	Drosophila_8849	100.000	820	0	0	1	820	1	820	0.0	1654
Dredd_Dmel_CG7486_NP_001284751.1	Drosophila_10551	100.000	440	0	0	1	440	55	494	0.0	914
Drice_Dmel_CG7788_NP_524551.2	Drosophila_24909	100.000	339	0	0	1	339	1	339	0.0	716
puc_Dmel_CG7850_NP_001287223.1	Drosophila_27262	100.000	369	0	0	1	369	108	476	0.0	750
Strica_Dmel_CG7863_NP_001260718.1	Drosophila_14726	100.000	527	0	0	1	527	1	527	0.0	1073
Dronc_Dmel_CG8091_NP_524017.1	Drosophila_4880	100.000	450	0	0	1	450	1	450	0.0	945
Buffy_Dmel_CG8238_NP_523702.1	Drosophila_9344	100.000	299	0	0	1	299	1	299	0.0	614
HtrA2_Dmel_CG8464_NP_001262565.1	Drosophila_5542	100.000	422	0	0	1	422	1	422	0.0	869
crc_Dmel_CG8669_NP_001260673.1	Drosophila_29289	100.000	372	0	0	1	372	1	372	0.0	771
eIF5_Dmel_CG9177_NP_996481.1	Drosophila_29159	100.000	464	0	0	1	464	1	464	0.0	957
Ras85D_Dmel_CG9375_NP_476699.1	Drosophila_22137	100.000	189	0	0	1	189	1	189	9.29e-142	392
