NM_007313.2	Homo_83940	100.000	1149	0	0	440	3886	1	1149	0.0	2174
NM_000674.3	Homo_9056	100.000	312	0	0	416	1351	1	312	4.20e-175	513
NM_000675.6	Homo_42952	100.000	412	0	0	423	1658	1	412	0.0	787
NM_001618.4	Homo_5646	100.000	1014	0	0	165	3206	1	1014	0.0	1855
NM_006437.4	Homo_102533	100.000	1724	0	0	75	5246	1	1724	0.0	3403
NM_033304.3	Homo_75167	100.000	455	0	0	687	2051	1	455	0.0	887
NM_000686.5	Homo_96746	100.000	363	0	0	169	1257	1	363	0.0	707
NM_001621.5	Homo_7623	100.000	848	0	0	614	3157	1	848	0.0	1605
NM_001623.5	Homo_97915	100.000	147	0	0	97	537	1	147	7.70e-102	292
NM_001014431.1	Homo_2742	100.000	474	0	0	341	1762	1	474	0.0	993
NM_001626.6	Homo_45301	100.000	481	0	0	250	1692	1	481	0.0	1004
NM_000697.3	Homo_73654	100.000	663	0	0	70	2058	1	663	0.0	1262
NM_013229.2	Homo_28935	100.000	1237	0	0	578	4288	1	1237	0.0	2570
NM_147172.2	Homo_99486	100.000	147	0	0	288	728	1	147	9.38e-105	304
NM_080649.2	Homo_75619	100.000	318	0	0	277	1230	1	318	0.0	625
NM_001166.4	Homo_36156	100.000	618	0	0	1453	3306	1	618	0.0	1181
NM_182962.2	Homo_20329	100.000	604	0	0	236	2047	1	604	0.0	1147
NM_001167.3	Homo_54959	100.000	497	0	0	160	1650	1	497	0.0	1027
NM_001012271.1	Homo_89022	100.000	156	0	0	149	616	10	165	2.67e-91	287
NM_001024807.2	Homo_90280	100.000	651	0	0	193	2145	1	651	0.0	1129
NM_201413.2	Homo_15916	100.000	733	0	0	255	2453	19	751	0.0	1300
NM_152871.3	Homo_56169	100.000	314	0	0	319	1260	1	314	0.0	644
NM_000639.3	Homo_23655	100.000	281	0	0	100	942	1	281	4.72e-161	462
NM_001664.4	Homo_53762	100.000	193	0	0	160	738	1	193	6.62e-138	400
NM_004040.3	Homo_83752	100.000	196	0	0	396	983	1	196	1.87e-137	405
NM_000051.3	Homo_48281	100.000	3056	0	0	386	9553	1	3056	0.0	6212
NM_004322.3	Homo_71021	100.000	168	0	0	337	840	1	168	3.13e-102	301
NM_004323.6	Homo_98776	100.000	345	0	0	35	1069	1	345	1.12e-146	448
NM_001188.4	Homo_33781	100.000	211	0	0	284	916	1	211	1.38e-126	376
NM_000465.4	Homo_42365	100.000	777	0	0	115	2445	1	777	0.0	1493
NM_004324.3	Homo_77657	100.000	218	0	0	70	723	1	218	7.26e-143	402
NM_000657.2	Homo_72637	100.000	205	0	0	494	1108	1	205	1.43e-116	339
NM_004049.4	Homo_70345	100.000	175	0	0	78	602	1	175	1.87e-128	362
NM_138578.3	Homo_91198	100.000	233	0	0	382	1080	1	233	7.46e-166	482
NM_004050.4	Homo_52738	99.482	193	1	0	230	808	1	193	1.02e-103	326
NM_005178.5	Homo_69560	100.000	381	0	0	84	1226	1	381	0.0	678
NM_138931.1	Homo_32333	100.000	706	0	0	421	2538	1	706	0.0	1440
NM_001192.3	Homo_85256	100.000	184	0	0	116	667	1	184	7.86e-134	377
NM_170733.3	Homo_54242	99.609	256	1	0	332	1099	7	262	2.17e-169	506
NM_001196.3	Homo_91741	100.000	214	0	0	117	758	28	241	5.01e-139	409
NM_001197.5	Homo_63343	100.000	136	0	0	62	469	1	136	2.48e-93	275
NM_130850.4	Homo_60268	100.000	408	0	0	266	1489	1	408	0.0	823
NM_013979.2	Homo_101195	100.000	271	0	0	105	917	1	271	0.0	526
NM_004330.4	Homo_51296	100.000	395	0	0	1	1185	41	435	0.0	807
NM_004052.3	Homo_81007	100.000	237	0	0	49	759	13	249	1.93e-126	372
NM_032515.5	Homo_41274	100.000	212	0	0	279	914	1	212	1.50e-143	424
NM_007300.3	Homo_6713	100.000	1884	0	0	233	5884	1	1884	0.0	3620
NM_004333.5	Homo_9776	100.000	766	0	0	226	2523	1	766	0.0	1383
NM_000061.2	Homo_49500	100.000	670	0	0	161	2170	24	693	0.0	1312
NM_001735.2	Homo_28575	100.000	1662	0	0	73	5058	15	1676	0.0	3336
NM_000065.3	Homo_17880	100.000	934	0	0	239	3040	1	934	0.0	1905
NM_000587.3	Homo_36544	100.000	843	0	0	360	2888	1	843	0.0	1592
NM_000562.2	Homo_13604	100.000	584	0	0	133	1884	1	584	0.0	1117
NM_000066.4	Homo_8632	100.000	591	0	0	68	1840	1	591	0.0	1209
NM_000606.3	Homo_91998	100.000	182	0	0	139	684	21	202	3.80e-132	374
NM_001737.5	Homo_38275	100.000	559	0	0	32	1708	1	559	0.0	1116
NM_005186.3	Homo_62415	100.000	714	0	0	183	2324	1	714	0.0	1457
NM_014289.4	Homo_75499	100.000	641	0	0	129	2051	1	641	0.0	1339
NM_033293.3	Homo_83772	100.000	311	0	0	45	977	1	311	0.0	652
NM_032983.3	Homo_50287	100.000	277	0	0	549	1379	176	452	0.0	583
NM_032983.3	Homo_50287	100.000	106	0	0	242	559	1	106	1.29e-51	190
NM_032991.2	Homo_48761	100.000	277	0	0	97	927	1	277	0.0	579
NM_001225.4	Homo_79280	100.000	377	0	0	50	1180	1	377	0.0	754
NM_004347.5	Homo_81314	100.000	434	0	0	33	1334	1	434	0.0	825
NM_001226.4	Homo_26756	100.000	284	0	0	78	929	10	293	0.0	598
NM_001227.4	Homo_57276	95.963	322	8	1	254	1219	20	336	0.0	636
NM_001080125.1	Homo_38858	100.000	538	0	0	202	1815	1	538	0.0	1109
NM_001229.5	Homo_46351	100.000	416	0	0	16	1263	1	416	0.0	829
NM_001230.4	Homo_4403	100.000	479	0	0	419	1855	1	479	0.0	987
NM_001753.5	Homo_3636	100.000	178	0	0	28	561	1	178	5.40e-124	370
NM_001233.5	Homo_35386	100.000	162	0	0	45	530	1	162	1.33e-108	334
NM_005188.3	Homo_81278	100.000	906	0	0	143	2860	1	906	0.0	1638
NM_001767.5	Homo_33044	100.000	351	0	0	64	1116	1	351	0.0	613
NM_005894.3	Homo_51337	100.000	347	0	0	108	1148	1	347	0.0	706
NM_000591.4	Homo_69500	100.000	375	0	0	105	1229	1	375	0.0	677
NM_001242.4	Homo_50449	99.615	260	1	0	212	991	1	260	0.0	536
NM_006139.4	Homo_63709	100.000	220	0	0	59	718	1	220	1.75e-149	456
NM_001243.5	Homo_12406	100.000	593	0	0	297	2075	1	593	0.0	1059
NM_001244.3	Homo_5813	100.000	234	0	0	293	994	1	234	7.45e-162	483
NM_001082959.2	Homo_33570	100.000	506	0	0	145	1662	1	506	0.0	974
NM_001775.4	Homo_80272	100.000	300	0	0	88	987	1	300	0.0	577
NM_001250.5	Homo_24234	100.000	277	0	0	91	921	1	277	0.0	522
NM_000074.2	Homo_66751	100.000	261	0	0	73	855	1	261	0.0	545
NM_001252.5	Homo_53149	100.000	190	0	0	158	727	4	193	1.32e-136	385
NM_033488.1	Homo_26699	97.823	735	5	1	300	2471	48	782	0.0	1034
NM_201567.1	Homo_70302	100.000	484	0	0	365	1816	1	484	0.0	970
NM_078467.2	Homo_69251	100.000	164	0	0	73	564	1	164	3.78e-96	295
NM_000077.4	Homo_104746	100.000	156	0	0	307	774	1	156	1.28e-92	277
NM_079421.2	Homo_41728	100.000	166	0	0	49	546	1	166	2.29e-112	326
NM_000737.3	Homo_96130	100.000	165	0	0	405	899	1	165	9.15e-91	268
NM_001278.5	Homo_103477	100.000	731	0	0	107	2299	15	745	0.0	1514
NM_001279.3	Homo_64771	100.000	219	0	0	66	722	1	219	7.68e-150	422
NM_001831.3	Homo_96728	100.000	449	0	0	187	1533	1	449	0.0	886
NM_001042432.1	Homo_93881	100.000	437	0	0	360	1670	1	437	0.0	772
NM_016083.5	Homo_4841	100.000	472	0	0	258	1673	1	472	0.0	959
NM_001841.3	Homo_85207	100.000	350	0	0	163	1212	1	350	0.0	715
NM_000614.4	Homo_13627	100.000	200	0	0	89	688	1	200	2.96e-144	417
NM_139012.2	Homo_37805	100.000	360	0	0	482	1561	1	360	0.0	716
NM_001316.4	Homo_94964	100.000	971	0	0	124	3036	1	971	0.0	1893
NM_001098210.1	Homo_66849	100.000	781	0	0	269	2611	1	781	0.0	1588
NM_001909.5	Homo_42779	100.000	384	0	0	132	1283	22	405	0.0	765
NM_001916.5	Homo_85418	100.000	296	0	0	112	999	30	325	0.0	540
NM_001344.4	Homo_75600	100.000	103	0	0	98	406	11	113	1.53e-58	181
NM_004394.2	Homo_59843	98.726	157	2	0	392	862	48	204	1.04e-97	296
NM_004394.2	Homo_59843	100.000	50	0	0	208	357	1	50	1.04e-97	82.8
NM_004938.4	Homo_14918	100.000	1430	0	0	350	4639	1	1430	0.0	2867
NM_001348.3	Homo_84085	100.000	454	0	0	274	1635	1	454	0.0	865
NM_001350.4	Homo_49276	100.000	735	0	0	205	2409	1	735	0.0	1120
NM_005215.4	Homo_69642	100.000	1447	0	0	592	4932	1	1447	0.0	2832
NM_001924.4	Homo_53354	100.000	165	0	0	295	789	1	165	5.39e-116	338
NM_004083.5	Homo_69100	98.387	186	3	0	130	687	7	192	2.46e-112	324
NM_004401.3	Homo_13850	100.000	331	0	0	72	1064	1	331	0.0	611
NM_004402.3	Homo_95186	100.000	338	0	0	338	1351	1	338	0.0	698
NM_005223.3	Homo_89422	100.000	262	0	0	2168	2953	21	282	0.0	545
NM_004944.3	Homo_68050	100.000	289	0	0	98	964	1	289	0.0	566
NM_001375.3	Homo_65456	100.000	343	0	0	126	1154	18	360	0.0	676
NM_001380.4	Homo_39580	99.946	1865	1	0	110	5704	1	1865	0.0	3637
NM_022652.3	Homo_15640	100.000	235	0	0	821	1525	1	235	6.20e-159	468
NM_001947.4	Homo_71766	100.000	419	0	0	206	1462	1	419	0.0	741
NM_005225.3	Homo_59718	100.000	409	0	0	206	1432	29	437	0.0	673
NM_001949.5	Homo_95312	100.000	465	0	0	355	1749	1	465	0.0	699
NM_001083589.1	Homo_89318	100.000	268	0	0	123	926	79	346	1.58e-169	484
NM_001418.4	Homo_105251	100.000	889	0	0	309	2975	1	889	0.0	1501
NM_001423.3	Homo_43168	100.000	157	0	0	190	660	1	157	8.38e-100	318
NM_001424.6	Homo_64632	100.000	167	0	0	111	611	1	167	8.91e-101	321
NM_001425.3	Homo_7492	100.000	136	0	0	141	548	23	158	3.83e-86	253
NM_001429.4	Homo_1385	100.000	1446	0	0	3246	7583	945	2390	0.0	2122
NM_001429.4	Homo_1385	100.000	830	0	0	414	2903	1	830	0.0	1456
NM_000400.3	Homo_14733	100.000	760	0	0	48	2327	1	760	0.0	1534
NM_000122.1	Homo_12682	100.000	765	0	0	147	2441	18	782	0.0	1549
NM_000506.4	Homo_74958	100.000	622	0	0	71	1936	1	622	0.0	1301
NM_001992.5	Homo_59171	100.000	420	0	0	183	1442	1	420	0.0	791
NM_001018112.2	Homo_90083	100.000	297	0	0	44	934	1	297	0.0	605
NM_004103.4	Homo_61133	100.000	1009	0	0	254	3280	1	1009	0.0	1965
NM_004469.5	Homo_65403	100.000	353	0	0	468	1526	1	353	0.0	728
NM_002015.4	Homo_85768	100.000	655	0	0	430	2394	1	655	0.0	1044
NM_001455.4	Homo_14681	100.000	658	0	0	338	2311	16	673	0.0	1008
NM_005253.4	Homo_4832	100.000	296	0	0	864	1751	1	296	2.57e-154	481
NM_002039.3	Homo_33729	100.000	694	0	0	360	2441	1	694	0.0	1341
NM_005256.3	Homo_46612	100.000	313	0	0	98	1036	1	313	0.0	578
NM_199231.2	Homo_78634	100.000	183	0	0	115	663	15	197	4.12e-88	285
NM_002066.2	Homo_77389	100.000	141	0	0	142	564	18	158	7.65e-103	296
NM_201397.2	Homo_334	100.000	119	0	0	854	1210	39	157	4.30e-81	249
NM_002085.5	Homo_76224	99.492	197	1	0	51	641	1	197	3.42e-130	368
NM_002086.5	Homo_8212	100.000	217	0	0	328	978	1	217	5.06e-153	455
NM_002093.3	Homo_52274	100.000	420	0	0	984	2243	1	420	0.0	837
NM_000177.4	Homo_25555	100.000	780	0	0	62	2401	1	780	0.0	1569
NM_000637.5	Homo_40277	100.000	522	0	0	12	1577	1	522	0.0	951
NM_000561.3	Homo_27986	100.000	218	0	0	79	732	1	218	7.45e-143	407
NM_000852.3	Homo_8972	100.000	204	0	0	250	861	1	204	6.12e-149	418
NM_000854.4	Homo_29516	100.000	244	0	0	171	902	1	244	4.52e-178	497
NM_033423.5	Homo_23593	100.000	228	0	0	127	810	19	246	3.96e-172	478
NM_006144.4	Homo_100327	100.000	262	0	0	38	823	1	262	0.0	518
NM_004131.6	Homo_26649	100.000	247	0	0	31	771	1	247	0.0	500
NM_005317.4	Homo_65004	100.000	257	0	0	20	790	1	257	2.07e-175	486
NM_002111.8	Homo_95413	100.000	3066	0	0	380	9577	77	3142	0.0	5887
NM_004964.3	Homo_26605	100.000	482	0	0	88	1533	1	482	0.0	836
NM_005347.5	Homo_56907	100.000	628	0	0	296	2179	27	654	0.0	1247
NM_002157.3	Homo_89197	100.000	102	0	0	59	364	1	102	6.78e-59	180
NM_000415.2	Homo_90370	100.000	89	0	0	153	419	1	89	2.12e-54	182
NM_000605.3	Homo_46780	100.000	164	0	0	141	632	25	188	1.05e-118	343
NM_002176.4	Homo_97300	100.000	187	0	0	74	634	1	187	4.42e-130	367
NM_000875.5	Homo_68931	100.000	1358	0	0	1071	5144	10	1367	0.0	2573
NM_001007139.5	Homo_66447	99.454	183	1	0	718	1266	54	236	2.49e-98	317
NM_000876.3	Homo_90964	99.960	2491	1	0	149	7621	1	2491	0.0	4998
NM_004970.2	Homo_71418	100.000	561	0	0	214	1896	45	605	0.0	918
NM_000597.3	Homo_46885	100.000	325	0	0	105	1079	1	325	0.0	544
NM_001552.3	Homo_100596	100.000	237	0	0	350	1060	22	258	7.95e-155	450
NM_000599.4	Homo_96658	100.000	254	0	0	829	1590	19	272	3.17e-171	524
NM_002178.3	Homo_20216	100.000	227	0	0	52	732	1	227	1.63e-115	334
NM_001556.3	Homo_66259	100.000	756	0	0	187	2454	1	756	0.0	1533
NM_000575.4	Homo_92089	100.000	271	0	0	965	1777	1	271	0.0	563
NM_000576.2	Homo_42329	100.000	269	0	0	88	894	1	269	0.0	527
NM_000586.3	Homo_14006	100.000	146	0	0	56	493	1	146	8.23e-78	234
NM_000417.2	Homo_80032	100.000	261	0	0	220	1002	1	261	1.43e-178	523
NM_000588.3	Homo_38012	100.000	133	0	0	111	509	20	152	1.40e-74	227
NM_002183.3	Homo_59434	100.000	361	0	0	401	1483	18	378	0.0	736
NM_000572.3	Homo_12283	100.000	178	0	0	60	593	1	178	6.65e-102	305
NM_000628.5	Homo_27704	100.000	311	0	0	142	1074	15	325	0.0	654
NM_001561.5	Homo_45862	100.000	246	0	0	262	999	1	246	3.35e-144	448
NM_002190.3	Homo_31463	100.000	155	0	0	58	522	1	155	2.91e-86	267
NM_004514.4	Homo_66479	100.000	626	0	0	260	2137	35	660	0.0	1093
NM_002198.3	Homo_78461	100.000	325	0	0	235	1209	1	325	0.0	607
NM_002228.3	Homo_14283	100.000	320	0	0	1044	2003	1	320	8.41e-166	493
NM_002229.3	Homo_77414	100.000	347	0	0	287	1327	1	347	3.21e-170	489
NM_005354.5	Homo_100671	100.000	347	0	0	173	1213	1	347	1.05e-127	382
NM_002289.2	Homo_25860	100.000	142	0	0	27	452	1	142	2.13e-94	274
NM_002305.4	Homo_91480	100.000	135	0	0	68	472	1	135	9.51e-98	279
XM_001129158.1	Homo_81909	74.146	205	27	1	127	741	10	188	8.25e-72	240
NM_000595.3	Homo_84945	100.000	205	0	0	163	777	1	205	4.66e-120	350
NM_009588.1	Homo_64441	100.000	175	0	0	170	694	70	244	6.05e-123	352
NM_009588.1	Homo_64441	77.778	45	10	0	72	206	22	66	1.81e-10	61.2
NM_002342.3	Homo_21064	100.000	435	0	0	198	1502	1	435	0.0	762
NM_005582.3	Homo_45820	100.000	661	0	0	159	2141	1	661	0.0	1266
NM_000239.2	Homo_34253	100.000	148	0	0	56	499	1	148	4.14e-102	303
NM_016834.4	Homo_104210	100.000	383	0	0	323	1471	1	383	0.0	592
NM_021960.5	Homo_2095	100.000	350	0	0	81	1130	1	350	7.32e-168	504
NM_006881.3	Homo_24721	96.732	153	5	0	306	764	1	153	1.18e-116	283
NM_006881.3	Homo_24721	100.000	74	0	0	740	961	170	243	1.18e-116	159
NM_002393.5	Homo_49090	100.000	483	0	0	161	1609	8	490	0.0	887
XM_042066.11	Homo_16210	100.000	1499	0	0	748	5244	14	1512	0.0	2492
NM_203351.2	Homo_80866	100.000	657	0	0	336	2306	1	657	0.0	1370
NM_005923.4	Homo_23626	100.000	1374	0	0	321	4442	1	1374	0.0	2626
NM_002446.4	Homo_6105	100.000	954	0	0	607	3468	1	954	0.0	1445
NM_004994.3	Homo_62284	100.000	707	0	0	20	2140	1	707	0.0	1256
NM_000250.1	Homo_58924	100.000	745	0	0	178	2412	1	745	0.0	1486
NM_002462.5	Homo_56390	100.000	662	0	0	334	2319	1	662	0.0	1281
NM_005375.3	Homo_67918	100.000	634	0	0	218	2119	7	640	0.0	1257
NM_002466.4	Homo_56209	100.000	700	0	0	171	2270	1	700	0.0	1392
XM_001129520.1	Homo_5343	100.000	188	0	0	1	564	1	188	1.12e-87	256
NM_015675.4	Homo_105307	100.000	160	0	0	233	712	1	160	1.71e-90	273
NM_022892.1	Homo_49169	100.000	1241	0	0	534	4256	1	1241	0.0	2420
NM_003998.4	Homo_15277	100.000	969	0	0	438	3344	1	969	0.0	1895
NM_001077494.3	Homo_101819	100.000	900	0	0	270	2969	1	900	0.0	1551
NM_020529.2	Homo_68731	100.000	317	0	0	111	1061	1	317	0.0	605
NM_001001716.1	Homo_106030	100.000	259	0	0	240	1016	80	338	3.57e-121	367
NM_004556.2	Homo_10492	100.000	498	0	0	32	1525	3	500	0.0	744
NM_002506.2	Homo_32855	100.000	240	0	0	170	889	1	240	6.08e-165	461
NM_002507.4	Homo_20903	100.000	417	0	0	156	1406	11	427	0.0	781
NM_002513.2	Homo_95828	100.000	169	0	0	176	682	1	169	4.52e-121	347
NM_000620.5	Homo_32746	100.000	1434	0	0	536	4837	1	1434	0.0	2914
NM_000625.4	Homo_85486	100.000	1153	0	0	265	3723	1	1153	0.0	2353
NM_001037738.2	Homo_97150	100.000	259	0	0	246	1022	1	259	9.33e-137	394
NM_002527.4	Homo_101305	100.000	264	0	0	63	854	7	270	0.0	550
NM_001012331.1	Homo_84768	100.000	781	0	0	81	2423	9	789	0.0	1504
NM_002546.4	Homo_6694	100.000	401	0	0	65	1267	1	401	0.0	798
NM_002558.4	Homo_65051	100.000	399	0	0	241	1437	1	399	0.0	829
NM_002575.3	Homo_60208	100.000	415	0	0	76	1320	1	415	0.0	813
NM_002576.4	Homo_33581	100.000	545	0	0	534	2168	1	545	0.0	1038
NM_002577.4	Homo_39739	100.000	524	0	0	323	1894	1	524	0.0	998
NM_002583.4	Homo_48972	100.000	340	0	0	241	1260	1	340	2.07e-159	498
NM_181457.3	Homo_46104	100.000	479	0	0	382	1818	1	479	0.0	939
NM_013945.2	Homo_103369	100.000	518	0	0	599	2152	1	518	0.0	1003
NM_005018.3	Homo_42476	100.000	288	0	0	57	920	1	288	9.08e-168	483
NM_144781.2	Homo_64056	100.000	220	0	0	136	795	9	228	7.49e-127	376
NM_000924.4	Homo_6629	100.000	536	0	0	186	1793	1	536	0.0	1043
NM_004570.5	Homo_86134	100.000	1445	0	0	117	4451	1	1445	0.0	2882
NM_021127.2	Homo_84195	100.000	66	0	0	278	475	71	136	1.14e-38	140
NM_033238.2	Homo_103420	100.000	882	0	0	141	2786	1	882	0.0	1657
NM_000941.3	Homo_70620	100.000	680	0	0	30	2069	1	680	0.0	1387
NM_002716.4	Homo_79102	100.000	597	0	0	85	1875	1	597	0.0	1182
NM_002716.4	Homo_79102	22.464	414	305	5	199	1413	193	599	1.01e-15	84.3
NM_001083116.3	Homo_52922	100.000	533	0	0	194	1792	23	555	0.0	1073
NM_006251.5	Homo_63940	100.000	559	0	0	7	1683	1	559	0.0	1060
NM_002737.3	Homo_80984	100.000	672	0	0	240	2255	1	672	0.0	1405
NM_005400.3	Homo_63521	100.000	737	0	0	427	2637	1	737	0.0	1505
NM_002744.6	Homo_105095	100.000	590	0	0	227	1996	3	592	0.0	1228
NM_138957.3	Homo_74791	100.000	350	0	0	271	1320	11	360	0.0	693
NM_002747.4	Homo_47595	100.000	587	0	0	1028	2788	1	587	0.0	1175
NM_139033.2	Homo_53086	100.000	803	0	0	387	2795	1	803	0.0	1162
NM_139046.3	Homo_63540	100.000	384	0	0	496	1647	1	384	0.0	804
NM_138980.3	Homo_48656	97.899	476	1	1	678	2105	1	467	0.0	944
NM_002755.3	Homo_10087	100.000	393	0	0	476	1654	1	393	0.0	728
NM_002757.3	Homo_8166	100.000	438	0	0	654	1967	1	438	0.0	911
NM_002758.4	Homo_86279	100.000	326	0	0	313	1290	9	334	0.0	680
NM_002759.3	Homo_80282	100.000	551	0	0	558	2210	1	551	0.0	1001
NM_000021.4	Homo_97570	100.000	467	0	0	213	1613	1	467	0.0	816
NM_012486.2	Homo_61922	99.780	455	0	1	407	1768	27	481	0.0	785
NM_000314.7	Homo_105860	100.000	559	0	0	377	2053	18	576	0.0	961
NM_198716.1	Homo_35950	100.000	374	0	0	232	1353	1	374	0.0	602
NM_000315.4	Homo_104407	100.000	115	0	0	93	437	1	115	1.92e-79	236
NM_000963.4	Homo_47012	100.000	590	0	0	176	1945	15	604	0.0	1199
NM_153831.3	Homo_59535	100.000	1063	0	0	278	3466	34	1096	0.0	2093
NM_002831.6	Homo_70127	100.000	595	0	0	158	1942	1	595	0.0	1244
NM_080685.2	Homo_11555	100.000	2475	0	0	481	7905	1	2475	0.0	4919
NM_006265.2	Homo_49213	100.000	631	0	0	289	2181	1	631	0.0	1105
NM_002874.5	Homo_97048	100.000	250	0	0	829	1578	88	337	1.94e-118	374
NM_002880.3	Homo_4296	100.000	648	0	0	416	2359	1	648	0.0	1318
NM_000321.2	Homo_59470	100.000	897	0	0	260	2950	32	928	0.0	1853
NM_023001.2	Homo_98555	100.000	1188	0	0	255	3818	1	1188	0.0	1763
NM_001042603.2	Homo_75409	100.000	1666	0	0	437	5434	25	1690	0.0	3023
NM_005610.3	Homo_44633	100.000	425	0	0	100	1374	1	425	0.0	879
NM_005057.4	Homo_19953	100.000	538	0	0	106	1719	1	538	0.0	1045
NM_032626.5	Homo_80809	100.000	118	0	0	1041	1394	1	118	8.12e-79	245
NM_002895.4	Homo_88372	100.000	1068	0	0	288	3491	1	1068	0.0	2170
NM_005611.4	Homo_30394	100.000	1098	0	0	210	3503	42	1139	0.0	2024
NM_021975.4	Homo_93499	100.000	551	0	0	85	1737	1	551	0.0	932
NM_006509.4	Homo_43924	100.000	579	0	0	117	1853	1	579	0.0	973
NM_006268.5	Homo_52268	100.000	391	0	0	36	1208	1	391	0.0	698
NM_006272.3	Homo_51368	100.000	92	0	0	72	347	1	92	6.51e-45	150
NM_002969.6	Homo_35687	100.000	357	0	0	205	1275	11	367	0.0	741
NM_002982.4	Homo_79841	100.000	91	0	0	66	338	1	91	4.23e-52	165
NM_003010.4	Homo_92993	100.000	369	0	0	101	1207	31	399	0.0	770
NM_003012.5	Homo_5452	100.000	314	0	0	315	1256	1	314	1.91e-163	495
NM_003013.3	Homo_19425	100.000	295	0	0	249	1133	1	295	0.0	598
NM_003015.3	Homo_74469	100.000	285	0	0	248	1102	28	312	0.0	545
NM_005627.3	Homo_62829	100.000	429	0	0	90	1376	1	429	0.0	836
NM_003031.4	Homo_93240	95.033	302	14	1	153	1058	13	313	0.0	595
NM_006747.4	Homo_60526	100.000	1042	0	0	174	3299	1	1042	0.0	1772
NM_000345.3	Homo_35335	100.000	140	0	0	264	683	1	140	8.36e-62	207
NM_000454.4	Homo_15287	100.000	154	0	0	149	610	1	154	6.68e-107	310
NM_032195.2	Homo_10740	99.945	1812	1	0	56	5491	1	1812	0.0	2865
NM_032195.2	Homo_10740	100.000	170	0	0	6203	6712	2050	2219	3.98e-78	291
NM_000582.2	Homo_35619	100.000	300	0	0	166	1065	1	300	7.95e-165	471
NM_001051.5	Homo_67307	100.000	418	0	0	690	1943	1	418	0.0	566
NM_007315.3	Homo_81517	100.000	750	0	0	389	2638	1	750	0.0	1526
NM_006281.4	Homo_54809	100.000	491	0	0	149	1621	1	491	0.0	934
NM_003183.6	Homo_79853	100.000	824	0	0	226	2697	1	824	0.0	1658
NM_145332.2	Homo_42428	100.000	503	0	0	464	1972	16	518	0.0	934
NM_003212.4	Homo_62308	100.000	188	0	0	183	746	1	188	1.74e-134	393
NM_003217.3	Homo_53306	99.582	239	1	0	53	769	48	286	2.70e-125	382
NM_007111.5	Homo_3028	100.000	394	0	0	201	1382	1	394	0.0	721
NM_006286.4	Homo_991	99.753	405	0	1	87	1301	28	431	0.0	682
NM_000660.6	Homo_51775	100.000	367	0	0	909	2009	24	390	0.0	704
NM_022037.3	Homo_44271	100.000	375	0	0	364	1488	1	375	0.0	773
NM_003252.3	Homo_71403	100.000	375	0	0	565	1689	1	375	0.0	715
NM_000362.4	Homo_24457	100.000	209	0	0	1187	1813	1	209	1.17e-141	438
NM_003264.4	Homo_7581	100.000	784	0	0	257	2608	1	784	0.0	1510
NM_003277.3	Homo_64923	100.000	303	0	0	216	1124	1	303	2.56e-154	445
NM_000594.4	Homo_85296	100.000	233	0	0	178	876	1	233	2.02e-160	457
NM_021137.5	Homo_82635	100.000	316	0	0	211	1158	1	316	0.0	657
NM_006291.3	Homo_33131	100.000	647	0	0	174	2114	8	654	0.0	1129
NM_006290.3	Homo_27386	100.000	790	0	0	323	2692	1	790	0.0	1630
NM_007115.4	Homo_44175	100.000	266	0	0	109	906	12	277	0.0	519
NM_001065.3	Homo_55299	100.000	439	0	0	304	1620	1	439	0.0	712
NM_001066.3	Homo_12850	100.000	441	0	0	162	1484	21	461	0.0	796
NM_000546.5	Homo_70022	100.000	393	0	0	203	1381	1	393	0.0	751
NM_005426.2	Homo_48454	96.265	1178	0	1	293	3826	1	1134	0.0	2055
NM_005427.4	Homo_93644	100.000	636	0	0	160	2067	1	636	0.0	1263
NM_003299.3	Homo_19238	100.000	755	0	0	107	2371	1	755	0.0	1382
NM_005658.5	Homo_48418	100.000	414	0	0	474	1715	1	414	0.0	817
NM_021138.4	Homo_74050	100.000	501	0	0	55	1557	1	501	0.0	1038
NM_003300.3	Homo_2088	100.000	568	0	0	215	1918	1	568	0.0	1181
NM_145759.2	Homo_37280	100.000	549	0	0	61	1707	1	549	0.0	1141
NM_004620.4	Homo_10232	100.000	522	0	0	248	1813	1	522	0.0	1093
NM_003311.4	Homo_83600	100.000	114	0	0	57	398	1	114	1.31e-78	237
NM_003326.5	Homo_16693	100.000	183	0	0	156	704	1	183	1.06e-122	376
NM_003327.4	Homo_84138	100.000	254	0	0	96	857	24	277	1.82e-156	441
NM_003374.3	Homo_74956	100.000	283	0	0	88	936	1	283	0.0	577
XM_001128909.1	Homo_103037	100.000	154	0	0	2	463	35	188	5.09e-88	267
NM_005429.5	Homo_34116	100.000	419	0	0	612	1868	1	419	0.0	825
NM_139323.4	Homo_19762	100.000	232	0	0	186	881	1	232	4.67e-162	477
NM_006761.5	Homo_86706	100.000	249	0	0	131	877	7	255	7.17e-180	512
NM_012479.4	Homo_81531	100.000	235	0	0	184	888	1	235	4.82e-161	481
NM_003405.4	Homo_27284	100.000	246	0	0	200	937	1	246	5.70e-178	503
NM_003406.3	Homo_18437	100.000	233	0	0	139	837	1	233	2.46e-162	478
NM_033657.2	Homo_27434	100.000	398	0	0	158	1351	1	398	0.0	831
NM_003478.5	Homo_73736	100.000	780	0	0	452	2791	1	780	0.0	1573
NM_005087.4	Homo_52851	100.000	621	0	0	17	1879	1	621	0.0	1131
NM_004647.3	Homo_2676	100.000	380	0	0	28	1167	1	380	0.0	749
NM_003551.3	Homo_54673	100.000	212	0	0	64	699	1	212	1.48e-155	438
NM_003589.3	Homo_13149	100.000	709	0	0	100	2226	51	759	0.0	1435
NM_003590.5	Homo_77016	100.000	768	0	0	355	2658	1	768	0.0	1568
NM_003591.3	Homo_2556	99.735	754	2	0	201	2462	5	758	0.0	1577
NM_003592.3	Homo_56578	100.000	776	0	0	289	2616	1	776	0.0	1582
NM_003608.4	Homo_10846	100.000	337	0	0	548	1558	1	337	0.0	656
NM_003633.3	Homo_72829	100.000	589	0	0	1132	2898	1	589	0.0	1194
NM_003639.4	Homo_61333	100.000	424	0	0	244	1515	64	487	0.0	665
NM_003655.3	Homo_46554	100.000	560	0	0	190	1869	1	560	0.0	849
NM_006595.3	Homo_20811	100.000	504	0	0	174	1685	1	504	0.0	953
NM_003680.3	Homo_47861	100.000	524	0	0	801	2372	5	528	0.0	975
NM_130476.2	Homo_78735	100.000	1587	0	0	216	4976	1	1587	0.0	2964
NM_003701.4	Homo_58501	100.000	317	0	0	153	1103	1	317	0.0	583
NM_003722.5	Homo_24316	100.000	680	0	0	128	2167	1	680	0.0	1364
NM_003766.4	Homo_55158	100.000	450	0	0	187	1536	1	450	0.0	840
NM_003789.4	Homo_22501	100.000	312	0	0	81	1016	1	312	1.12e-180	509
NM_148967.1	Homo_60571	100.000	372	0	0	89	1204	1	372	0.0	649
NM_003798.4	Homo_71120	100.000	711	0	0	127	2259	24	734	0.0	1308
NM_003804.5	Homo_10485	100.000	671	0	0	280	2292	1	671	0.0	1379
NM_003805.5	Homo_11826	100.000	199	0	0	105	701	1	199	3.94e-130	373
NM_003806.3	Homo_65781	74.138	58	15	0	3999	4172	70	127	3.95e-30	86.3
NM_003806.3	Homo_65781	68.085	47	15	0	3860	4000	22	68	3.95e-30	68.2
NM_003807.4	Homo_25138	100.000	240	0	0	383	1102	1	240	6.68e-135	418
NM_172088.2	Homo_88041	100.000	247	0	0	749	1489	1	247	5.78e-156	452
NM_003809.3	Homo_56669	100.000	197	0	0	253	843	53	249	1.13e-140	404
NM_003810.4	Homo_19454	100.000	281	0	0	47	889	1	281	0.0	591
NM_003811.4	Homo_35211	100.000	254	0	0	12	773	1	254	3.68e-121	358
NM_003820.3	Homo_47965	100.000	283	0	0	301	1149	1	283	0.0	577
NM_003821.6	Homo_94808	100.000	540	0	0	246	1865	1	540	0.0	1101
NM_032945.2	Homo_93525	100.000	269	0	0	528	1334	32	300	8.37e-164	466
NM_003824.3	Homo_99240	100.000	173	0	0	376	894	27	199	2.34e-88	274
NM_004195.3	Homo_83306	100.000	241	0	0	22	744	1	241	2.84e-93	280
NM_003839.4	Homo_86003	100.000	583	0	0	128	1876	29	611	0.0	1075
NM_003840.5	Homo_34224	100.000	386	0	0	93	1250	1	386	0.0	703
NM_003841.4	Homo_28942	99.590	244	1	0	309	1040	1	244	5.41e-120	353
NM_147187.2	Homo_1248	100.000	407	0	0	294	1514	1	407	0.0	643
NM_003844.3	Homo_32961	100.000	468	0	0	107	1510	1	468	0.0	785
NM_003877.4	Homo_25109	100.000	198	0	0	591	1184	1	198	3.70e-139	414
NM_003879.7	Homo_7914	100.000	480	0	0	456	1895	1	480	0.0	988
NM_003883.4	Homo_40673	100.000	428	0	0	60	1343	1	428	0.0	894
NM_003897.4	Homo_71173	100.000	152	0	0	30	485	1	152	1.03e-86	261
NM_006024.6	Homo_80918	100.000	789	0	0	183	2549	1	789	0.0	1583
NM_003921.5	Homo_13167	100.000	233	0	0	281	979	1	233	1.99e-128	388
NM_005091.3	Homo_83949	100.000	194	0	0	33	614	1	194	1.81e-134	377
NM_005092.3	Homo_52247	100.000	199	0	0	2	598	1	199	2.96e-148	412
NM_003946.6	Homo_8452	100.000	211	0	0	17	649	1	211	1.04e-118	351
NM_007064.4	Homo_15600	100.000	1289	0	0	164	4030	1	1289	0.0	2624
NM_003954.5	Homo_98952	100.000	946	0	0	82	2919	1	946	0.0	1683
NM_003955.4	Homo_9866	100.000	225	0	0	419	1093	1	225	6.63e-132	395
NM_005147.6	Homo_63472	100.000	480	0	0	15	1454	1	480	0.0	925
NM_145813.2	Homo_17569	100.000	326	0	0	232	1209	1	326	0.0	647
NM_004707.4	Homo_50970	100.000	140	0	0	14	433	1	140	5.62e-75	246
NM_004708.4	Homo_65791	100.000	106	0	0	130	447	20	125	1.71e-66	201
NM_198120.2	Homo_68504	100.000	213	0	0	236	874	1	213	2.55e-131	390
NM_001039712.1	Homo_61651	100.000	318	0	0	174	1127	1	318	0.0	655
NM_005449.5	Homo_12642	100.000	390	0	0	88	1257	1	390	0.0	590
NM_004740.3	Homo_15225	100.000	115	0	0	1411	1755	1	115	1.54e-64	210
NM_004226.4	Homo_93757	100.000	372	0	0	291	1406	1	372	0.0	773
NM_004760.3	Homo_27026	100.000	371	0	0	266	1378	44	414	0.0	762
NM_001707.4	Homo_43067	100.000	202	0	0	113	718	1	202	5.16e-106	317
NM_004786.3	Homo_62861	100.000	289	0	0	153	1019	1	289	0.0	601
NM_004832.3	Homo_70910	100.000	241	0	0	38	760	1	241	1.18e-180	497
NM_004271.4	Homo_42116	100.000	162	0	0	16	501	1	162	6.92e-118	336
NM_004840.3	Homo_92952	100.000	776	0	0	51	2378	1	776	0.0	1487
NM_004849.4	Homo_86694	100.000	275	0	0	294	1118	1	275	0.0	557
NM_004862.3	Homo_97672	100.000	161	0	0	234	716	1	161	8.98e-70	229
NM_001015048.2	Homo_21442	100.000	455	0	0	204	1568	34	488	0.0	901
NM_004874.4	Homo_76181	100.000	401	0	0	157	1359	48	448	0.0	570
NM_004281.3	Homo_97620	100.000	345	0	0	307	1341	1	345	0.0	607
NM_004281.3	Homo_97620	100.000	158	0	0	1558	2031	418	575	5.48e-74	254
NM_004282.4	Homo_99882	100.000	211	0	0	373	1005	1	211	2.28e-137	428
NM_004879.5	Homo_89260	100.000	340	0	0	168	1187	1	340	0.0	606
NM_004881.5	Homo_98773	100.000	332	0	0	509	1504	1	332	0.0	675
NM_013981.3	Homo_66438	100.000	740	0	0	531	2750	101	840	0.0	1189
NM_199191.2	Homo_52166	100.000	383	0	0	253	1401	1	383	0.0	798
NM_183237.2	Homo_28964	100.000	90	0	0	134	403	1	90	1.06e-44	155
NM_004295.4	Homo_102769	100.000	470	0	0	103	1512	1	470	0.0	937
NM_004923.3	Homo_78671	100.000	494	0	0	183	1664	15	508	0.0	950
NM_014634.4	Homo_75857	100.000	450	0	0	118	1467	1	450	0.0	795
NM_012291.4	Homo_49302	100.000	2120	0	0	92	6451	1	2120	0.0	3895
NM_001077441.1	Homo_20855	100.000	566	0	0	731	2428	160	725	0.0	796
NM_005118.4	Homo_43156	100.000	251	0	0	28	780	1	251	1.94e-172	528
NM_012115.3	Homo_57956	99.746	1972	5	0	236	6151	1	1972	0.0	3804
NM_181690.2	Homo_85028	100.000	463	0	0	113	1501	1	463	0.0	967
NM_133484.1	Homo_7964	100.000	127	0	0	108	488	10	136	9.19e-89	260
NM_013232.4	Homo_83662	100.000	191	0	0	76	648	1	191	1.38e-121	350
NM_020396.3	Homo_46000	100.000	197	0	0	50	640	1	197	2.61e-118	344
NM_207002.3	Homo_95873	100.000	112	0	0	289	624	1	112	1.75e-78	233
NM_015322.5	Homo_10821	100.000	621	0	0	692	2554	7	627	0.0	1289
NM_005745.7	Homo_103156	100.000	260	0	0	186	965	54	313	1.49e-149	429
NM_005793.4	Homo_91589	100.000	194	0	0	100	681	1	194	9.50e-135	404
NM_005815.5	Homo_10148	100.000	671	0	0	108	2120	1	671	0.0	1346
NM_005815.5	Homo_10148	51.030	437	181	4	918	2225	131	535	1.55e-116	370
NM_005815.5	Homo_10148	44.091	220	92	2	1605	2264	137	325	3.95e-36	147
NM_005871.3	Homo_30901	100.000	238	0	0	203	916	1	238	7.21e-147	427
NM_005879.3	Homo_33467	100.000	469	0	0	112	1518	1	469	0.0	916
NM_005882.4	Homo_75042	100.000	355	0	0	64	1128	1	355	0.0	683
NM_006092.4	Homo_32098	100.000	953	0	0	531	3389	1	953	0.0	1834
NM_007170.3	Homo_39057	100.000	571	0	0	399	2111	1	571	0.0	1150
NM_006377.3	Homo_33509	100.000	1581	0	0	293	5035	1	1581	0.0	3213
NM_006378.3	Homo_1805	100.000	862	0	0	573	3158	1	862	0.0	1683
NM_006406.2	Homo_100491	100.000	271	0	0	79	891	1	271	0.0	502
NM_001098520.1	Homo_100964	100.000	254	0	0	136	897	23	276	0.0	521
NM_021709.2	Homo_2501	100.000	110	0	0	70	399	1	110	1.40e-73	218
NM_006568.3	Homo_100798	100.000	332	0	0	55	1050	1	332	0.0	627
NM_006573.4	Homo_23079	100.000	285	0	0	268	1122	1	285	4.27e-170	496
NM_006615.3	Homo_40138	100.000	690	0	0	110	2179	1	690	0.0	1342
NM_013436.5	Homo_68250	100.000	1128	0	0	359	3742	1	1128	0.0	2293
NM_016640.4	Homo_16610	100.000	439	0	0	17	1333	1	439	0.0	813
NM_006784.3	Homo_7183	100.000	942	0	0	77	2902	1	942	0.0	1749
NM_006785.4	Homo_34221	100.000	824	0	0	180	2651	1	824	0.0	1549
NM_006705.4	Homo_85702	100.000	159	0	0	111	587	1	159	2.36e-100	294
NM_022336.4	Homo_54607	100.000	448	0	0	280	1623	1	448	0.0	854
NM_033015.3	Homo_25485	100.000	393	0	0	163	1341	16	408	0.0	659
NM_006826.4	Homo_84351	100.000	229	0	0	140	826	1	229	1.47e-163	472
NM_006850.3	Homo_12451	100.000	206	0	0	276	893	1	206	4.25e-139	405
NM_006871.4	Homo_106851	100.000	518	0	0	166	1719	1	518	0.0	939
NM_007051.3	Homo_21653	100.000	650	0	0	457	2406	1	650	0.0	1250
NM_007058.4	Homo_86313	100.000	739	0	0	30	2246	1	739	0.0	1440
NM_007217.4	Homo_53425	100.000	212	0	0	485	1120	1	212	3.20e-148	431
NM_014922.4	Homo_79561	100.000	1417	0	0	556	4806	1	1417	0.0	2675
NM_014959.4	Homo_39094	100.000	471	0	0	455	1867	17	487	0.0	908
NM_014976.2	Homo_103725	100.000	1871	0	0	117	5729	1	1871	0.0	3637
NM_012306.4	Homo_63747	100.000	316	0	0	109	1056	1	316	0.0	607
NM_015046.7	Homo_60528	100.000	2668	0	0	185	8188	1	2668	0.0	5376
NM_171982.5	Homo_81488	100.000	490	0	0	47	1516	4	493	0.0	1016
NM_012329.3	Homo_59074	100.000	236	0	0	147	854	3	238	2.10e-169	491
NM_016431.3	Homo_41068	99.870	768	1	0	88	2391	57	824	0.0	1031
NM_012279.4	Homo_94321	100.000	294	0	0	44	925	1	294	0.0	584
NM_012114.3	Homo_75978	100.000	234	0	0	213	914	1	234	2.57e-154	458
NM_014326.4	Homo_42439	100.000	370	0	0	158	1267	1	370	0.0	761
NM_016553.4	Homo_23645	100.000	476	0	0	744	2171	47	522	0.0	546
NM_014330.3	Homo_101862	100.000	674	0	0	270	2291	1	674	0.0	724
NM_012402.3	Homo_17873	100.000	341	0	0	252	1274	1	341	0.0	649
NM_015367.3	Homo_42513	100.000	459	0	0	354	1730	1	459	0.0	739
NM_014341.2	Homo_42994	100.000	372	0	0	379	1494	1	372	0.0	611
NM_001077654.2	Homo_64723	100.000	188	0	0	216	779	1	188	4.48e-132	387
NM_181651.2	Homo_71377	99.394	165	1	0	144	638	6	170	3.26e-103	298
NM_012385.2	Homo_69372	100.000	73	0	0	268	486	1	73	7.10e-22	88.6
NM_012138.4	Homo_102680	100.000	525	0	0	278	1852	36	560	0.0	872
NM_014380.2	Homo_44239	100.000	111	0	0	312	644	1	111	2.81e-42	143
NM_014430.2	Homo_106830	100.000	219	0	0	1137	1793	1	219	2.37e-137	405
NM_014452.5	Homo_25906	100.000	615	0	0	515	2359	41	655	0.0	1159
NM_145341.3	Homo_45248	94.165	497	1	1	287	1777	1	469	0.0	813
NM_013247.4	Homo_70556	100.000	458	0	0	603	1976	1	458	0.0	783
NM_014061.4	Homo_82687	100.000	196	0	0	356	943	24	219	5.24e-120	352
NM_145182.2	Homo_79125	100.000	169	0	0	108	614	8	176	1.28e-113	324
NM_014550.4	Homo_50335	100.000	1032	0	0	216	3311	1	1032	0.0	1878
NM_015965.7	Homo_65383	100.000	144	0	0	15	446	1	144	9.18e-105	297
NM_139314.3	Homo_73082	100.000	406	0	0	168	1385	1	406	0.0	775
NM_016561.3	Homo_46589	100.000	450	0	0	142	1491	1	450	0.0	860
NM_016639.2	Homo_24741	100.000	105	0	0	287	601	122	226	6.11e-68	214
NM_080592.3	Homo_41995	100.000	284	0	0	174	1025	1	284	1.44e-175	493
NM_016222.4	Homo_38497	100.000	622	0	0	17	1882	1	622	0.0	1129
NM_016315.4	Homo_62894	100.000	304	0	0	465	1376	1	304	0.0	631
NM_016614.3	Homo_72323	100.000	362	0	0	38	1123	1	362	0.0	721
NM_016077.4	Homo_7260	100.000	179	0	0	229	765	2	180	1.16e-129	367
NM_006107.3	Homo_40148	100.000	227	0	0	169	849	1	227	3.32e-168	489
NM_006107.3	Homo_40148	100.000	62	0	0	1279	1464	371	432	3.32e-16	83.2
NM_016434.3	Homo_94497	100.000	1219	0	0	828	4484	1	1219	0.0	2326
NM_018947.5	Homo_30879	100.000	105	0	0	171	485	1	105	1.72e-65	218
NM_019003.3	Homo_42866	100.000	258	0	0	372	1145	1	258	3.09e-164	464
NM_207111.3	Homo_9517	100.000	923	0	0	260	3028	1	923	0.0	1759
NM_017580.2	Homo_31433	100.000	697	0	0	372	2462	1	697	0.0	1418
NM_175073.2	Homo_92027	97.740	354	8	0	150	1211	3	356	0.0	714
NM_018647.4	Homo_95038	100.000	423	0	0	218	1486	1	423	0.0	828
NM_017852.5	Homo_105413	100.000	1062	0	0	112	3297	1	1062	0.0	2153
NM_001008406.1	Homo_106009	100.000	294	0	0	181	1062	1	294	0.0	572
NM_138930.3	Homo_49694	100.000	179	0	0	706	1242	61	239	1.22e-108	329
NM_020126.4	Homo_81731	100.000	636	0	0	367	2274	1	636	0.0	981
NM_020185.4	Homo_76444	100.000	184	0	0	484	1035	1	184	1.59e-134	388
NM_020371.3	Homo_70134	100.000	281	0	0	402	1244	82	362	1.30e-179	511
NM_007008.2	Homo_75191	100.000	199	0	0	215	811	1	199	3.21e-92	283
NM_016252.3	Homo_49210	100.000	4843	0	0	177	14705	15	4857	0.0	8818
NM_021158.4	Homo_87661	99.721	359	1	0	539	1615	27	385	0.0	682
NM_021209.4	Homo_26451	100.000	1024	0	0	276	3347	1	1024	0.0	2056
NM_021571.3	Homo_71706	100.000	90	0	0	9	278	1	90	6.36e-60	184
NM_021631.2	Homo_84908	61.111	162	62	1	4	489	2	162	8.64e-54	169
NM_022094.3	Homo_99086	100.000	246	0	0	117	854	6	251	5.63e-160	452
NM_022112.2	Homo_95992	100.000	124	0	0	683	1054	1	124	9.93e-74	228
NM_022121.5	Homo_17948	100.000	193	0	0	80	658	1	193	4.68e-111	349
NM_022162.2	Homo_35218	100.000	1040	0	0	106	3225	1	1040	0.0	1947
NM_052813.4	Homo_4184	100.000	536	0	0	167	1774	1	536	0.0	1051
NM_033027.4	Homo_89611	100.000	589	0	0	195	1961	1	589	0.0	998
NM_022898.2	Homo_24898	100.000	819	0	0	496	2952	1	819	0.0	1291
NM_024110.4	Homo_43605	100.000	1004	0	0	169	3180	1	1004	0.0	1857
NM_138722.1	Homo_105652	100.000	330	0	0	187	1176	31	360	0.0	652
NM_022161.3	Homo_72091	100.000	280	0	0	215	1054	1	280	4.12e-180	504
NM_199320.4	Homo_45148	100.000	842	0	0	205	2730	1	842	0.0	1661
NM_138639.1	Homo_81691	100.000	334	0	0	683	1684	1	334	7.28e-163	470
NM_032346.2	Homo_86862	100.000	358	0	0	33	1106	1	358	0.0	738
NM_032415.5	Homo_33778	100.000	1154	0	0	405	3866	1	1154	0.0	2286
NM_032587.4	Homo_5798	100.000	1037	0	0	17	3127	1	1037	0.0	2009
NM_033297.2	Homo_70712	97.026	269	6	1	1370	2170	736	1004	9.31e-153	476
NM_033297.2	Homo_70712	100.000	56	0	0	1042	1209	692	747	1.02e-25	115
NM_033341.4	Homo_54959	76.136	440	105	0	637	1956	58	497	0.0	707
NM_033341.4	Homo_54959	32.524	206	102	3	952	1458	26	231	6.27e-25	110
NM_183395.2	Homo_19083	100.000	922	0	0	747	3512	1	922	0.0	1733
NM_052890.4	Homo_54459	100.000	576	0	0	131	1858	1	576	0.0	1142
NM_178516.4	Homo_79058	100.000	696	0	0	174	2261	1	696	0.0	1189
NM_203318.1	Homo_67238	100.000	2039	0	0	159	6275	1	2039	0.0	3807
XM_495908.4	Homo_49403	97.398	884	23	0	124	2775	23	906	0.0	1570
NM_033529.3	Homo_82339	100.000	770	0	0	322	2631	1	770	0.0	1118
